,business_id,name,city,stars_y,0,1,2,3,4,5
0,-CQokjildrY7UZezXCdEBw,Toddy Shop,Las Vegas,5.0,0.23030654546672205,0.09848358471850624,0.19774478740926088,0.1509877863188891,0.09573453010984696,0.2267427659767749
1,-JfncbVURtvuzBbof40o1w,The Cafe at Monte Carlo,Las Vegas,2.5,0.390101495569203,0.0874577883136648,0.1559323612314215,0.08935854172351976,0.06735521246482006,0.20979460069737085
2,-OEIW0dO96-492qa_luxaw,Aces & Ales,Las Vegas,4.0,0.26542986365520155,0.08187577291700807,0.17593644962562852,0.1344266100207331,0.13055252696225786,0.21177877681917123
3,-PGsEXB6DFTVKa1eDOlzWA,Black Bear Diner,Las Vegas,3.5,0.2538013237101556,0.10192750314481033,0.21162647187224443,0.11922820712680246,0.0972932062734258,0.21612328787256146
4,-SGZcGqnsp_uRIjKP2RGZg,Ranch House Grille,Las Vegas,3.5,0.21177404458404736,0.016158568577901017,0.42940692770072125,0.13768468017518795,0.034168146978963136,0.17080763198317916
5,-U7tvCtaraTQ9b0zBhpBMA,MGM Grand Buffet,Las Vegas,2.5,0.26212838796089144,0.12927429007593386,0.17394098681520972,0.11418588045054313,0.11776731388116582,0.2027031408162562
6,-UtYWvCnUppcSaC_u1pTYQ,Kopper Keg Restaurant & Lounge,Las Vegas,4.0,0.12574156137249676,0.2177851581580582,0.13193074167394583,0.01957956559190238,0.4340264922411256,0.07093648096247127
7,-Ylpy3VyRWwubf9dysuwjQ,The Cheesecake Factory,Las Vegas,3.5,0.2748285456783345,0.10759026002656821,0.18633188299383147,0.12210864737442394,0.10351750274905291,0.20562316117778934
8,-a857YYdjzgOdOjFFRsRXQ,Beer Park,Las Vegas,3.5,0.24912638920014002,0.12760685758746407,0.1839149535411695,0.10811339038820003,0.11117271620955604,0.2200656930734703
9,-kbPPBNsIPDfMfgUGO7QhA,Kopper Keg South,Las Vegas,4.0,0.22421489629268548,0.16063404432784764,0.1601123720465271,0.23029875824220095,0.104101307919497,0.12063862117124179
10,-oUM2uISux96lMGeawHIOA,Sugar Factory,Las Vegas,3.0,0.2795751654195324,0.12919149633237148,0.18426560770330744,0.1079914012713176,0.09743668590170451,0.20153964337176689
11,-qYuPncpK8elgD-6Qx3v7A,Flock & Fowl,Las Vegas,4.0,0.2320961439753968,0.15444529644202284,0.19590240781660798,0.10384162580810387,0.08267330013578919,0.23104122582207925
12,005XmZKuJZuNbl5tGXc5SA,Tony Roma's,Las Vegas,3.0,0.4017241458693006,0.19464923262790912,0.11838259148656788,0.0461753498787385,0.05198359167028798,0.18708508846719588
13,01SiPgdiOskMC5bUJoyy_g,Winchell's Pub & Grill,Las Vegas,4.0,0.22976041533494657,0.12752175906195462,0.1489114623121152,0.11016642876557849,0.15889565524546495,0.22474427927994012
14,0EgYXYjt2XJL4hlsKnzrcw,PublicUs,Las Vegas,4.5,0.2793637764851102,0.1050323925062503,0.18986506070696202,0.10489201798397475,0.11987167971644798,0.20097507260125458
15,0Hcks5q-DgJbDlmEWolx4A,Bonefish Grill,Las Vegas,3.5,0.276394175126602,0.09720305629467065,0.16638280313354958,0.11788326734322332,0.12505559495034144,0.21708110315161275
16,0JmCGyAqAK_yVEuZ0ts16w,Bilbo's Bar & Grill,Las Vegas,2.5,0.16915149775125823,0.0,0.042191810596975646,0.026834771798440633,0.0020275329755671924,0.7597943868777584
17,0QHMAUi6NdOUZ1ckXq0-sA,Rainforest Café,Las Vegas,2.5,0.26012866318396916,0.07442250399332855,0.16994650829596594,0.13932445659795986,0.12477321695311276,0.23140465097566368
18,0WPXDs4ini3D7jpiy1Daqw,The Market,Las Vegas,3.5,0.23743403467361848,0.0759292545381173,0.1509454375675979,0.16423427299973004,0.16087524233493383,0.21058175788600247
19,0_aeYE2-VbsZts_UpILgDw,Lazy Dog Restaurant & Bar,Las Vegas,4.0,0.27586941696204453,0.09985362619803698,0.1839081872826463,0.1160577108609259,0.11701725886671314,0.20729379982963356
20,0bWLkWeIcT-EnrE7SiGEBA,Laguna Pool House & Kitchen,Las Vegas,4.0,0.27404991500813836,0.14040002789907002,0.13985596607624812,0.11906408821371424,0.13726992194038742,0.18936008086244194
21,0jtRI7hVMpQHpUVtUy4ITw,Omelet House Summerlin,Las Vegas,4.0,0.2828838116191965,0.13169960735126687,0.16925655684556873,0.11111506244517723,0.10892230965989748,0.19612265207889318
22,0p27EjcNwTI7Ey4K_MNPww,Fatburger,Las Vegas,3.0,0.27766035888389107,0.14383019674013536,0.19337841221292185,0.08409725744982485,0.09302824866967087,0.2080055260435562
23,0qPNeqLuKE88rKbIbSZDpg,Killer Shrimp,Las Vegas,3.5,0.2934006615561991,0.11707712906274856,0.1619115729523233,0.07778942434977293,0.12117195793846222,0.22864925414049386
24,0zGeYN8ReYwVj27U7EHOJA,American Cafe,Las Vegas,2.5,0.07409039431951413,0.07589185187924045,0.38271547974119013,0.26796357384800634,0.0,0.1993387002120489
25,0zoXYHq82haayMaV952jEQ,Greens and Proteins,Las Vegas,4.0,0.2752720768188147,0.09008315316417527,0.16672756133761382,0.11823331960013142,0.12403660468557605,0.22564728439368856
26,12f7GOkkC0GZRMif-fidhQ,NASCAR Cafe,Las Vegas,2.0,0.49752153462370174,0.10382390518458488,0.15108686647582736,0.055369687426428706,0.07672853400118897,0.11546947228826829
27,19MbjvDqkPG6dGxr3kvK9w,Foothills Lodge,Las Vegas,2.5,0.3670735024391423,0.23850270680024419,0.06801506221370845,0.04285279500389227,0.1831283499398129,0.10042758360319985
28,1BtNZszIr8LvtPOhN0X4Mw,Gold Mine Bar & Grill,Las Vegas,2.5,0.29884978613722746,0.12433057842731111,0.14393933260420191,0.12436301337556764,0.14403376165866735,0.1644835277970245
29,1CP8aJa8ILlfM5deroar0Q,Wingstop,Las Vegas,3.0,0.2508269426694776,0.10430722330967243,0.16726155725414377,0.1566323970828996,0.09468542659493048,0.2262864530888761
30,1CR2ddUcjYYwRd5JLtiRrw,Hard Rock Cafe,Las Vegas,3.5,0.2688885032951575,0.11116915846519584,0.17410828887272808,0.11717153891872505,0.11385255302405918,0.2148099574241347
31,1CWMNSTRMejdSyXBG2chNg,Fireside Restaurant & Tavern,Las Vegas,3.5,0.2865683061760355,0.126869515473029,0.1479913796105564,0.1188539189882304,0.0976149678736888,0.22210191187845998
32,1Jm-fFPCAD-ZGM2J4HACXA,Pharoah's Pheast Buffet,Las Vegas,2.0,1.0,0.0,0.0,0.0,0.0,0.0
33,1Tak6Q-IlkDrdmLwrEZeSg,Off the Strip Just Real Food,Las Vegas,3.5,0.23954739470699238,0.03652994303866781,0.15771723519611766,0.17290527421782204,0.1411045239133506,0.25219562892704944
34,1Vvxx-9AoINg8TJXOZgEHg,YOLOS,Las Vegas,3.5,0.2541188163364502,0.1119296397963864,0.17777520481627923,0.10266855618255585,0.13080410685011531,0.22270367601821323
35,1WsXLCPRP2EZ9KoBRTkSbw,Pt's Gold,Las Vegas,4.0,0.345131831341263,0.09873867002695898,0.1784915334448709,0.05587913393580763,0.0665239677055676,0.2552348635455318
36,1ZhZUzFbbt1gGXDEW3JaBw,Griff's,Las Vegas,4.5,0.18811821872391116,0.07086034761505891,0.22946889133289902,0.1689674268066491,0.07764329014251793,0.2649418253789638
37,1aj4TG0eFq6NaPBKk6bK7Q,Jacques Cafe,Las Vegas,4.0,0.25589957918284484,0.12454285558860413,0.17608060815058338,0.11242052555242843,0.12041840442496024,0.21063802710057902
38,2BbFeotL85cIaBjSq1SWiA,Springs Cafe by Wolfgang Puck,Las Vegas,2.5,0.268359697229789,0.09809759049857215,0.07657249140644332,0.06466268531806633,0.09736711571160611,0.394940419835523
39,2LZGeJy8qByYKB71ML-jcw,Rock & Rita's,Las Vegas,2.5,0.26822042382003525,0.056902335214075825,0.2014782457802942,0.15749751696903092,0.10844246342657984,0.20745901478998402
40,2RFe9vDTzyBkF4mvsFDDow,Dickey's Barbecue Pit,Las Vegas,3.0,0.2551844847894217,0.12045277634601317,0.21004659531073028,0.13719848930198014,0.07187143197569235,0.20524622227616254
41,2Wl4o7l54I-EtxtaDpOTzA,Pub 365,Las Vegas,4.0,0.24188438577542917,0.10299941390716598,0.19130443081052215,0.11626932975867613,0.10571912938768485,0.24182331036052168
42,2Y0-nrSZNsLRStyupZgM7g,Courtyard Cafe,Las Vegas,3.0,0.22179039619909366,0.06748061394139653,0.18145038277392314,0.13818407853374232,0.14478738116624523,0.24630714738559914
43,2dCnTMv3Hh-fM8bOjYS4Xw,Nevada Chicken Cafe,Las Vegas,3.5,0.24879990478944028,0.1087075278450099,0.19347513724715318,0.10606032673501664,0.13005267014060415,0.2129044332427759
44,2iTsRqUsPGRH1li1WVRvKQ,Carson Kitchen,Las Vegas,4.5,0.26562095102662,0.10771412701997227,0.1772632193664189,0.11033331624337787,0.12091063467627232,0.2181577516673387
45,2smgOPhpYbDT7G5tbVRdiQ,Burger King,Las Vegas,2.0,0.40165947010022435,0.004732475073898282,0.06859826393517783,0.08484492607565293,0.2394733999321149,0.20069146488293166
46,2zSr7jNNWpA-IfD74wOlTA,Pt's Gold,Las Vegas,3.0,0.20637884179222987,0.18018586707180992,0.3079693062438104,0.03998123783691234,0.08794739112480353,0.1775373559304339
47,35fWtS1LZkaZ-ooKupJ1XA,Buffalo Wild Wings,Las Vegas,3.0,0.2957473235527792,0.13728334225574695,0.1699871886321766,0.10251566191415268,0.12728304628230816,0.16718343736283653
48,364hhL5st0LV16UcBHRJ3A,Yonaka Modern Japanese,Las Vegas,4.5,0.25932694132891393,0.10325713676203416,0.17564136265775684,0.1313738929926521,0.128118318848986,0.20228234740965667
49,3BCsAgo_1i4xMuTyLKMLRQ,SkinnyFATS,Las Vegas,4.5,0.2601000885525213,0.10966159569954102,0.18116742014864123,0.11602200731969144,0.11927758856303496,0.21377129971657038
50,3FlWR_osNPb8dcqLgHebHw,Mimi's Cafe,Las Vegas,3.0,0.25628061676950975,0.11343156630568244,0.1369403106115651,0.13239482515319906,0.13624536207368043,0.22470731908636324
51,3PshdJtSwd_poaPL7fIOHg,Counter Cuisine,Las Vegas,4.0,0.32300703343767684,0.0087135806547757,0.09013418790307479,0.30118276641459446,0.14208543390339523,0.1348769976864829
52,3QcTqsdxQBlSndBdMJBRhQ,Freedom Beat,Las Vegas,3.5,0.2652167234727918,0.08164339600871884,0.16241832369777623,0.1620361844972219,0.12408503925402277,0.20460033306946845
53,3X-SMnyYq77IYEnyCp-TtQ,Tropical Breeze Cafe,Las Vegas,2.5,0.2723602299721096,0.13041994078437996,0.17415334748279548,0.10862764306018535,0.0952991828075819,0.21913965589294762
54,3ajqOW9A7VhResA08I7RTg,Hash House A Go Go,Las Vegas,3.5,0.257654838054656,0.12166394904810486,0.17535419836072605,0.11813465187691412,0.1107878478826107,0.21640451477698838
55,3cg4pKBL8DTFXCtZ5y9V4g,Johnny Smalls,Las Vegas,3.5,0.3088800667911702,0.15101236104007237,0.13701171787391758,0.10280382676335975,0.10351321426736003,0.19677881326411986
56,3fPIRTnBhd81MixgS9YoMQ,California Pizza Kitchen,Las Vegas,4.0,0.2508475948398209,0.11678217071320286,0.1758045800552176,0.12123674301347906,0.13807669597076225,0.19725221540751758
57,3kdSl5mo9dWC4clrQjEDGg,Egg & I,Las Vegas,4.5,0.2653557239967952,0.10737924851429759,0.1777068329363503,0.12000094593653707,0.11958724577844984,0.2099700028375709
58,3pSUr_cdrphurO6m1HMP9A,J Karaoke Bar,Las Vegas,5.0,0.2739941546086522,0.10588200173965433,0.1720118226614128,0.09282207666599301,0.1336863121985473,0.2216036321257404
59,3rj1qpgFvkRWtAka17mhEQ,Mimi's Cafe,Las Vegas,3.0,0.2651102342368468,0.07897787430181542,0.20777692258376992,0.08721792389468287,0.12040755542523586,0.24050948955764898
60,3s8PNggIbgeSsjqM6HKOCg,The Verdict's Inn,Las Vegas,3.0,0.18092752116624475,0.3230166323758263,0.13371196070479463,0.12109425140090413,0.06476958893014027,0.17648004542208998
61,3tBRBsiTi6JJz3CJ7DcS_w,Skinny Chick Fat Chicken,Las Vegas,4.0,0.3281338016333248,0.045342781126243376,0.2550475165801893,0.029243542939320206,0.08159170856029735,0.26064064916062496
62,44kd3YdkhXj5XiSPs5XNjQ,FireRock Steakhouse,Las Vegas,3.5,0.2508979500102858,0.10982660678723438,0.19699575368499536,0.11991071445214922,0.11770078441980435,0.2046681906455312
63,46UHF46E1z-W2dOmhv-Fng,Pt's Pub,Las Vegas,2.5,0.24994728373857983,0.029805985785953466,0.41500247311797767,0.07254496582705947,0.045089330289542054,0.1876099612408876
64,4GXII-GU7S0ZyU6ElkhscQ,Hooters Casino Hotel Las Vegas,Las Vegas,2.5,0.26763941936907804,0.08162536913961249,0.17852313273388368,0.1144174710686565,0.13441655481578427,0.22337805287298523
65,4QmwJBk9VPKyO2DfUeIVWg,Tommy Rocker's Mojave Beach Bar & Grill,Las Vegas,3.5,0.3216457110500271,0.06864027634972182,0.22287438802484483,0.09788484083837597,0.0875367225517991,0.20141806118523112
66,4X0KWUPcD2EkHN83aa4cXg,Blondies Sports Bar & Grill,Las Vegas,2.5,0.23803085403398186,0.10138372077013778,0.2137973042219642,0.13423639489876407,0.0994326388000795,0.2131190872750727
67,4d9BIUYJwAsMfMrH_0vdDQ,TGI Fridays,Las Vegas,2.0,0.3997070531940584,0.4735373778033686,0.1267555690025729,0.0,0.0,0.0
68,4qG3Gh8QyugC1XvoTlmgcQ,Egg Works,Las Vegas,4.0,0.26453516028140633,0.09827905778550522,0.18368477959076077,0.11167140887439933,0.12286006864874287,0.21896952481918552
69,4v5ZLpmNn13Mze1w_XfWHw,Harley-Davidson Las Vegas Cafe,Las Vegas,3.0,0.2298061530242491,0.09906826560757379,0.18744992899418525,0.10640827010315938,0.1629918933368798,0.2142754889339528
70,56Yb9IgEREFeaSjJ5Y3RVg,Huffman's Homemade Chicken,Las Vegas,3.0,0.2499030237794997,0.13024205485865442,0.17575910084155727,0.11665035220196236,0.10816411341542177,0.2192813549029045
71,5D3cAYturwbEqnj52b1Tmw,PT's,Las Vegas,3.0,0.3547662725650206,0.14194109208635536,0.17371013984894126,0.04299622823772797,0.09638487965813879,0.19020138760381608
72,5XORYO9raiXVZSGGPvjSmA,Kopper Keg North,Las Vegas,3.0,0.2741100871500255,0.06752837065916581,0.1348222044867211,0.13322821914335722,0.16839401026956002,0.22191710829117037
73,5_MrPFw9E0cMJ1Q0DJFZOQ,Tilted Kilt Pub & Eatery,Las Vegas,3.0,0.26229809339894467,0.10091274291596909,0.18104519128793847,0.13435892447447506,0.10382852232418914,0.21755652559848357
74,5fSz08wFcBhCeCXh7sxG5A,Runway Cafe,Las Vegas,4.5,0.2223016433170094,0.09141636688588455,0.19780907649433951,0.18667611790211835,0.17062161896950828,0.13117517643113988
75,5gZ4k_mdDOcEmCG4wHVH-g,Rhodes Ranch Club House Restaurant,Las Vegas,2.5,0.36498323796214266,0.019391818560815868,0.362300628250674,0.08500339564328936,0.06384068113472048,0.10448023844835763
76,5iSlHNIy3RLbCP5AayB31g,Ruby Tuesday,Las Vegas,3.5,0.24697339664322293,0.10155400264240665,0.19440739033252633,0.12619815526694017,0.13083883314508649,0.20002822196981743
77,5jTmjxb1X34EfcY1gos4tw,Fatburger,Las Vegas,2.5,0.24014300660719615,0.09732180361806739,0.14792329846243887,0.1566551767673533,0.08803853773001614,0.2699181768149281
78,5l-yKN13VwfPwuSiBIqdJQ,Farmer Boys,Las Vegas,4.0,0.2689363829251416,0.06207177097777111,0.18796597341228502,0.0849135338011791,0.14696947160724771,0.24914286727637547
79,5n2dA_QqO4c_7pSK0Of6AQ,Fatburger,Las Vegas,2.0,0.23574733379894197,0.12265888151713449,0.2517023445721468,0.12240950168923269,0.09422103542923464,0.17326090299330946
80,5xYk23lz0ktdMvzHtohymQ,Village Pub & Poker,Las Vegas,3.5,0.2222913952735859,0.12554305129007756,0.1901446206605228,0.12657360546771818,0.14746613424146598,0.18798119306662958
81,6-gRHn1n11ATqWBrFTLnNA,Great American  Pub,Las Vegas,4.0,0.28902927871303746,0.10069336415336075,0.1889503551751494,0.09276805734082227,0.13718369259964636,0.1913752520179837
82,63Qj5E-GzHJ6vhjhGR4XDw,"Ringer Wings, Pizza & Sliders",Las Vegas,3.0,0.29596972744565725,0.05478064337630071,0.08694407635049574,0.2515992263417156,0.19877051274451513,0.11193581374131549
83,66jwLkSd6M0cZulZrA3zcw,Applebee's Grill + Bar,Las Vegas,2.5,0.20988894217282822,0.04847123972035607,0.25043794658057483,0.12526378397779628,0.11485534773194038,0.2510827398165042
84,679eSYC15Sc17TN9Djj8sg,I Love Burgers,Las Vegas,3.0,0.29383278742153096,0.09819131368590059,0.17781253489501597,0.10000748802671787,0.10190204279161433,0.22825383317922035
85,698nukvxe7mq2Fra5vDikQ,Rise & Shine a Steak & Egg Place,Las Vegas,4.0,0.2847997035363307,0.10173256997088369,0.1770249995544329,0.11869779279200532,0.11498539329631205,0.20275954085003534
86,6HdzmAatFoB8UDep4n9QIw,IHOP,Las Vegas,3.0,0.25159968665226506,0.17103856585566746,0.20750890240322284,0.10938970628147898,0.12252587341605836,0.13793726539130718
87,6MpOzb5ImLdDXHsn4HwI-Q,Embers,Las Vegas,4.0,0.3043245418491558,0.07132457720342006,0.18223672671258287,0.09066479394398352,0.13422940116535184,0.21721995912550585
88,6TvB1PZCY1Ap2S-yNJPs4w,Hooters,Las Vegas,2.0,0.22028370343992618,0.11293951935368915,0.20291801489801087,0.11809208657349488,0.10054368812209141,0.24522298761278752
89,6W3hdaCjx_n1kADEuORduA,Bonnie Springs Restaurant,Las Vegas,3.5,0.2778621856351095,0.07965735849267468,0.1851419286023088,0.12841326306690365,0.1516660550540891,0.1772592091489142
90,6beJGNWviNq_VbODEULexA,Cafe325,Las Vegas,4.0,0.2003896884112164,0.10327269496990782,0.11637380157472242,0.12438962943934662,0.23481482772590198,0.2207593578789048
91,6fz0hnNIVpLF5v2NqJfA9w,Babystacks Cafe,Las Vegas,4.0,0.2936533927748571,0.10290616719989594,0.1486051301822866,0.13135723403532698,0.1175885393982875,0.20588953640934585
92,6xBgaXrAlH5KMIW-GPSUzQ,The Underworld Grill & Bar,Las Vegas,3.0,0.41420435591189236,0.0028875957207709184,0.17314321402074173,0.14546925352038878,0.012412344942869705,0.2518832358833365
93,6yynJxXqG8x9k9wrSvLAEw,Tahiti Joe's,Las Vegas,2.5,0.4101022958510993,0.06407898174794827,0.13957381012072076,0.18284847288423106,0.09254775541217779,0.11084868398382282
94,71bwX-tbmq4su8H7Q9oLOQ,Pt's Gold,Las Vegas,3.5,0.33563983175574796,0.058127856051386144,0.1837956289014864,0.1345740599874401,0.08140206304077767,0.2064605602631616
95,74pWjFssgqyhaVg-YCUo3A,The Cracked Egg,Las Vegas,4.0,0.2673230977021004,0.10614110889726412,0.16557616914463105,0.1196748684362068,0.12252079366185381,0.2187639621579437
96,77AfVfvvjfQXslusY8QElg,La Jolla,Las Vegas,3.5,0.30456283846142834,0.09754813244676708,0.15460217369705992,0.17461430071540435,0.10603364991963453,0.16263890475970574
97,7B4ZXiaDDcg04_N1A0DG9A,Cadillac Ranch,Las Vegas,2.5,0.36868716891167386,0.08661785297060104,0.10525724365323608,0.1394302385710054,0.16990522149442752,0.13010227439905614
98,7EZ4Eu7YJ1ltRCC5jXFJrQ,The Buffet At TI,Las Vegas,2.5,0.2679697219572041,0.10308219705458212,0.17826168664738024,0.11359022874796225,0.14986587905212684,0.18723028654074456
99,7IkSGKKiWhfkXQBCT8EOgA,Brentwood Cafe & Tavern,Las Vegas,3.5,0.278329143809627,0.09454953202064395,0.19278022444671955,0.11043269954881506,0.11308038444260404,0.21082801573159016
100,7RidnmyYyH0cfcX2x7buag,Siena Bistro,Las Vegas,4.0,0.2886024854352898,0.20789090402068713,0.13492446206862732,0.047650995010673616,0.0922694714124417,0.22866168205228035
101,7Wr0piSMGiq5qy5opiLNrA,Cabana Grill,Las Vegas,3.5,0.2999786419247764,0.1423847067393987,0.21305418003891194,0.10852264823033178,0.09730736591289206,0.13875245715368914
102,7Xw_vv-ekUL2sTqipnKT0g,Buffalo Wild Wings,Las Vegas,2.5,0.26878199816046916,0.10015986554584531,0.16785561001985042,0.13627215380965202,0.13949688518717177,0.18743348727701128
103,7hXWFtmoJHz63SD8k56a_Q,Putter's Bar & Grill,Las Vegas,3.0,0.1583200960096616,0.12486925199718295,0.22337153366658818,0.09560280272221355,0.14360043538522543,0.25423588021912824
104,7nRlDLrob6oK5zmGo4Vpbg,Blueberry Hill Family Restaurant ,Las Vegas,3.5,0.27180068051402456,0.11570042469713779,0.1808073367673409,0.10346968711262687,0.12820652800920834,0.20001534289966172
105,7njZaRjDXi8anBaGlGQu4g,The Lodge Cactus,Las Vegas,3.0,0.29668223408081185,0.08954209624464958,0.18611965989670817,0.13730957861139267,0.09688631632127045,0.19346011484516726
106,7sGcBZwkD4yFLiBLS1WKgA,Presto Cafe,Las Vegas,4.5,0.2514772695940576,0.10498016073527673,0.1765401763437726,0.13640667515622035,0.12961221250405636,0.20098350566661644
107,7sPNbCx7vGAaH7SbNPZ6oA,Bachi Burger,Las Vegas,4.0,0.2698826479353607,0.10455025499645414,0.1713922305249317,0.11984383361873972,0.1234381891775938,0.2108928437469206
108,7xEgy2btCKLdTe1vD14ABw,Johnny Rockets,Las Vegas,3.0,0.3411043169525388,0.06328491350947735,0.18871489338348918,0.07702999597223327,0.13090073134003077,0.19896514884223063
109,7xXaO9deBDh_dd0JQjA-Qg,Claim Jumper,Las Vegas,3.0,0.28285356489283214,0.08625917790887272,0.16082668953620016,0.1258167185553202,0.14081467641849016,0.2034291726882845
110,80Lkm305ZOkQdMEIvOy_lw,TAP Sports Bar,Las Vegas,3.5,0.24340127348648508,0.1142280486325546,0.1833249133838008,0.11060102808405123,0.13538879926789596,0.21305593714521232
111,84DjKzaR26vphu9fNI9nKg,Sierra Gold,Las Vegas,3.0,0.2842333579505143,0.10361545353933203,0.20797949170916968,0.06765176427870538,0.12891558517919247,0.20760434734308597
112,86stmK3Vm2f5W6PdyvuLrQ,Applebee's Neighborhood Grill & Bar,Las Vegas,2.5,0.2577196526722466,0.09181491499564996,0.26879360961884496,0.08085529664814532,0.08300644610351511,0.21781007996159804
113,88vF_9_X9dJwZ7w-hwtMow,Lucky Streak at LAS,Las Vegas,3.0,0.2924517187108118,0.08901404841919354,0.27243238557126687,0.09987718834761712,0.08158733234704005,0.16463732660407068
114,893VryJbZcCm5V9xon_aLA,Those Guys Pies,Las Vegas,5.0,0.2032233871233388,0.4430081874042159,0.031099271888831298,0.007478983177493059,0.10541988546620282,0.20977028493991812
115,8J4oT58-Nc-q1bpF9CRTpw,Applebee's Grill + Bar,Las Vegas,3.0,0.28227103523503594,0.10867215056148631,0.15384006700068273,0.10517978996352038,0.13503447958266687,0.21500247765660777
116,8Q6jl7OW8DZzwANggDspcw,Sugar Factory American Brasserie,Las Vegas,3.0,0.27057627300864445,0.1050680843400012,0.18879716842731847,0.10830666967767709,0.11555791671192275,0.21169388783443624
117,8RFT1woy0WnTp62ndVJgow,The Blue Skillet,Las Vegas,3.5,0.2753742772054345,0.09679029919299931,0.17768394391190323,0.10398640555731097,0.11350120494577247,0.2326638691865795
118,8SWZLawwzqwzbXpGQS7gBw,Della's Kitchen,Las Vegas,3.5,0.27172837625874335,0.08635495606678072,0.17601584869510406,0.12847595630727285,0.13625683068617475,0.2011680319859245
119,8aRk2nVmVvhfNFW9TcsUfA,Cafe Siena,Las Vegas,2.5,0.19085427086730747,0.14696236259393594,0.18243225168125293,0.026413980145368797,0.13286507359070923,0.3204720611214256
120,8b5ll2kjXfjgFIqWsjkr8Q,Seabreeze Cafe,Las Vegas,3.0,0.27431337916183174,0.11700125775297067,0.14190742481561605,0.1663317624892886,0.08523035516204237,0.2152158206182505
121,8bYXg27QEoAx7us15eIL5g,Applebee's Grill + Bar,Las Vegas,2.5,0.3116390476342587,0.14469904684003004,0.22491560794053814,0.10202843259727946,0.08447627751220639,0.13224158747568734
122,8fjF2NIPSM0Ar1hed2tdog,Gilligan's HideAway,Las Vegas,4.5,0.25115137657281245,0.07152000266505978,0.17966906321338494,0.210255019839325,0.07004965248078275,0.217354885228635
123,8hAGLM_ZQa4CFhzvVcLczQ,Salt 'N Pepper Southern Comfort Bar and Grill,Las Vegas,2.5,0.1780525785617535,0.15993431395734742,0.3023696966265115,0.10478156140511827,0.10779313595449203,0.1470687134947773
124,8nDEOGVVvReXFJ2zjPh4Pw,Denny's,Las Vegas,2.5,0.30476010906770484,0.12713488900620898,0.2020809045942159,0.0320173377718628,0.11637498660805362,0.21763177295195388
125,8ovqtunN8zGdCbYi-MCTAQ,Pt's Gold,Las Vegas,3.0,0.27447061610608703,0.048154542289131824,0.15820819208378964,0.11481848856401544,0.2019809334735531,0.20236722748342292
126,8wt-saX_qXaqVCXQHc5qXw,Sporting Life Bar,Las Vegas,4.0,0.25020629626794244,0.10245198252358494,0.1732175197668301,0.12583837548198692,0.12828048321390192,0.22000534274575362
127,9-cVW8wSRoE6Nmnc7v0uUA,Pantry - 24 Hour Kitchen,Las Vegas,3.5,0.2909271646353335,0.0988697198315459,0.17053487555340555,0.1152176964209524,0.11870435056464583,0.205746192994117
128,94BEy7wGKmrOC7sjSHMisw,Charlies  Lakeside Restaurant & Lounge,Las Vegas,3.5,0.23518410865631853,0.16287157503025987,0.16618120694125188,0.13981179854718045,0.07868246605858863,0.21726884476640057
129,99KYZZWzN2VH5L_w1GjaYw,Chili's Grill & Bar,Las Vegas,4.5,0.18856313860058682,0.009925037926070529,0.2797559456469789,0.0384126836074737,0.2395663103160891,0.24377688390280094
130,9Jc3W0aR9Xf2gcHI0rEXsw,The Garden Grill,Las Vegas,3.0,0.24182975784687333,0.13321547099109293,0.2039170383877888,0.10495280953985542,0.04379954947696711,0.2722853737574225
131,9QtHDX71JnaQbmzWWVbi-A,Quark's Bar & Restaurant,Las Vegas,4.0,0.21946259455090947,0.13352961981268344,0.15692369238028323,0.13671731633604425,0.16271232437237662,0.19065445254770302
132,9c3LlXubVkbMwIrS8dIp0Q,Ribs & Burgers,Las Vegas,3.5,0.2842940871445138,0.11075348974572999,0.15759222373729692,0.10155965617252795,0.08513974563647692,0.2606607975634543
133,9cw870n3gsGikVoOT5YOYg,Pier 215,Las Vegas,4.5,0.26193880568692807,0.11428372428845293,0.18481234915422207,0.10982495990278245,0.13083324514982556,0.19830691581778867
134,9evRrJHVWghiv16EOUg6zA,Mountain View Bistro,Las Vegas,4.0,0.25511017303895644,0.11522181224519754,0.14113156223789347,0.1289771527914307,0.11925010889071899,0.24030919079580276
135,9hEPwq1GmU1dp3ZyBB9ASQ,Pt's Gold,Las Vegas,3.0,0.2586171469871848,0.12357527882126851,0.18731451262392546,0.10085016413806512,0.08878426491534719,0.24085863251420883
136,9iCgfQ7ffWtroHbde7q-pQ,IHOP,Las Vegas,2.5,0.3325133598365682,0.17613319106658507,0.16307707566993204,0.04741062149508038,0.06976674049321951,0.21109901143861487
137,9jPb9kD6UBk4aVEgaizaoQ,Cafe Cortez,Las Vegas,3.5,0.3184426958590466,0.13448131072597044,0.17133669155873243,0.10079990270142976,0.08442326965064928,0.19051612950417152
138,9kPbAt95kECBGGi_e5yV0Q,Modern Proteins,Las Vegas,5.0,0.24909513108101541,0.11771016351637034,0.21076605429879708,0.12371300949337093,0.0974061855904592,0.20130945601998704
139,9uRrzqQaq9XwW9lLj7oBxw,IHOP,Las Vegas,3.0,0.3029602646447637,0.10185687153472248,0.22808026317613586,0.03442822020644083,0.08145413602315928,0.251220244414778
140,9wUIxdYz-CCpGRLu9BxJdg,South Philly Steak & Fries,Las Vegas,2.0,0.28495091468442685,0.010067350285526034,0.0,0.5296805377327114,0.11856318173874142,0.056738015558594354
141,9wxxjUKdaiWeK0fGxSYhzQ,Raffles Cafe,Las Vegas,3.0,0.3088426976808966,0.11077797787683125,0.17183112936535092,0.11646286247675547,0.11033198414674121,0.18175334845342453
142,9xAQPtjOf92wLjMHPWYEpA,Cili,Las Vegas,4.0,0.26531397511986315,0.12347206260341277,0.1503721110813368,0.11350118744388461,0.12284843043992683,0.2244922333115759
143,A5Rkh7UymKm0_Rxm9K2PJw,Yard House,Las Vegas,4.0,0.279513293694175,0.10252199947844647,0.16595665291325618,0.11335200042089354,0.1337282608022188,0.20492779269101039
144,A9B6jSj2FvIsK5gpDBXbCw,Jake & Eli,Las Vegas,4.0,0.17083455880208825,0.1767978791218413,0.2830267429373226,0.03722832666421759,0.11973553887584402,0.2123769535986863
145,ABJjxuO6oh5D9R48-eAUdQ,The Buffet at Luxor,Las Vegas,2.5,0.26631888635666284,0.10596261755126284,0.17369140629167332,0.11826298963099303,0.12153497548484751,0.2142291246845605
146,AKBSPjk_H_w8RCqCE_vUuA,Paradise Cafe,Las Vegas,3.5,0.1956958636985545,0.06193496556342252,0.17918597254989274,0.11992811560192815,0.18084557591450454,0.26240950667169755
147,AL5YzikrmxwcBzBNLGO7Jw,Fuddruckers,Las Vegas,3.5,0.24892128490920581,0.08973324140710483,0.20427281072051676,0.10093131418383877,0.12026143329816999,0.23587991548116388
148,ATGZLAWudXt5hQXQ1AVGDQ,SG Bar,Las Vegas,3.5,0.24725993855862188,0.12496785502873677,0.18962524807947717,0.12642162372986002,0.11368321515258456,0.1980421194507195
149,AdNbLQQWgR28-GWU0G-qJw,Denny's,Las Vegas,2.0,0.32353526857136383,0.12559949615090682,0.1339228954420331,0.15608335971436849,0.015741816306002625,0.2451171638153252
150,AedKwfr0VdNj7Xmx70GW6g,Old School Brewing Company,Las Vegas,3.5,0.29438124064909854,0.09877790812260048,0.16586930151998175,0.11708103672968281,0.10137623687260128,0.22251427610603525
151,AjWFFZN8KwyqJzzi0DyEsw,Burger Brasserie,Las Vegas,3.5,0.2673974150079423,0.11948368709676516,0.17619022315417118,0.10483581622412476,0.12447942857327557,0.2076134299437211
152,AkG4ozbKUgjDk8-Mmywsxw,Timbers - Lake Mead,Las Vegas,3.5,0.24621087662744032,0.09212023499192906,0.16281276915357593,0.08723745221105232,0.14947315927585225,0.2621455077401501
153,AmJ0GFlYCAap-vGYxv-OJQ,Rocky's Bar and Grill,Las Vegas,4.0,0.28545592725449925,0.06983140729184488,0.18985514292110442,0.13876175615472797,0.11799762273257484,0.19809814364524872
154,AnXovUgUHJap3QaDRnjL1w,Blueberry Hill Family Restaurant,Las Vegas,4.0,0.2794878669426628,0.12078010064001225,0.1616839585397667,0.09651347838849696,0.12839165987781656,0.2131429356112447
155,AqfEIxefqdArIWf9YUVAtQ,Omelet House,Las Vegas,4.0,0.27549065318278726,0.10847298233649363,0.18155887909816346,0.10208564935350722,0.11533298114737875,0.21705885488166943
156,B7wVtgjOxkFNOoD6S11Urw,Flowing Tide Pub 6,Las Vegas,5.0,0.2451977891279791,0.09989284483280682,0.16671451834154255,0.14066932950271283,0.12513171228847453,0.22239380590648422
157,BB-Ab0rwYk6aclOn9SMVmg,Blue Dogs Pub,Las Vegas,3.5,0.26307278968230957,0.12460928492686286,0.366237153874572,0.06781422006980639,0.04552494453110989,0.1327416069153393
158,BCAw9a_kyx2RddRH9tMmKQ,Mr. Lucky's 24-7,Las Vegas,3.5,0.2632556319334945,0.09623593944779432,0.1657933113935343,0.13239722313078764,0.12537735345325096,0.21694054064113835
159,BIwjYT9nqbkF7kbzne-tmQ,Wolfgang Puck Express,Las Vegas,2.0,0.0,0.0,0.2709680868156524,0.30204817881224455,0.3145374157559664,0.11244631861613665
160,BN_GVKaX0jnaVI4Ar1iV2w,Straight Up Gaming & Martini Lounge,Las Vegas,3.5,0.20918540665814053,0.10695475156686637,0.15763367247737803,0.078352117961986,0.07862614222163865,0.36924790911399047
161,BOMgSyi4-TYAnjVn3m0z3A,24 Seven Cafe,Las Vegas,3.0,0.2450920614084568,0.12336587423979774,0.20444874195163015,0.1085479980884827,0.09506542954933413,0.2234798947622984
162,BORPULADzZV6_LJZzcsywQ,PBR Rock Bar & Grill,Las Vegas,3.0,0.26920634126793175,0.11403616201380716,0.17897130129559286,0.11814182478023234,0.10648843996462132,0.21315593067781477
163,BSDKbSLFO3CP-uhfcuUCkA,Dave & Buster's,Las Vegas,3.0,0.28429790093186214,0.13270145321105997,0.17205444670247122,0.10774599071463459,0.12842253996051878,0.17477766847945345
164,BSbKXrd41LiCmZ_fEMwrOw,Fix8 Fitness Cafe,Las Vegas,4.5,0.18810950132499554,0.0014371555005382303,0.28251743625311354,0.0250348643760595,0.13384974838392194,0.3690512941613711
165,BfBl4TKaTrfrZY-yGSB1jQ,Johnny Rockets,Las Vegas,3.5,0.30913365206498516,0.10565841132003422,0.14779438436001774,0.17512689884664476,0.10048870421841001,0.16179794918990822
166,BhueLLvA0k9G1Lr0WeZX9w,Café Zupas,Las Vegas,3.5,0.2579729879903745,0.0937041974342216,0.1967497211911781,0.11676000922499954,0.1112878151694286,0.22352526898979774
167,BjS35X3-_-9TP-RyfzoC_Q,Hometown Eats,Las Vegas,4.0,0.25652321611097795,0.13061073673773044,0.1681215663597098,0.09583404242372669,0.13476890941309919,0.21414152895475586
168,BjoG1A78mIEl6on-HNSilw,The Triple Play,Las Vegas,4.5,0.23751430002569582,0.062458359498710606,0.2263999959117491,0.12934246718684145,0.09589717854677339,0.24838769883022968
169,BnpuVvPy3sfLlkqKCx6Xnw,Grand Cafe,Las Vegas,2.5,0.2915024477370241,0.0771152146486461,0.15815240897655264,0.12299510249669834,0.14223444628938578,0.2080003798516931
170,BslEhCyzaQPfpHtDogb4hQ,Brooklyn Bowl,Las Vegas,3.5,0.26988559333175055,0.10673980167987504,0.15351093362011647,0.12039139977181502,0.12859400293670828,0.22087826865973487
171,ByYn1vNlI6MY_ZNoaH8eCw,Pegasus,Las Vegas,2.0,0.4160254891598856,0.08343436783205778,0.04728646674921963,0.12883084164427028,0.1816007230664927,0.142822111548074
172,C9ImzBi5fn742ZcAYDww2A,Rise & Shine - A Steak & Egg Place,Las Vegas,4.0,0.26696718643591544,0.11197529953364445,0.17731540331786164,0.1119406912888907,0.12334969938886292,0.2084517200348246
173,CBb7z-MTbkzBvsUHBDqxEg,Tony Roma's,Las Vegas,2.5,0.29357666973334073,0.06983017564606958,0.19501826016977705,0.08144212115454087,0.12811920452793701,0.23201356876833465
174,CO5ofU1HQIBf1KWvb5ysLQ,Shake Shack,Las Vegas,4.0,0.2777142515986298,0.1739733574488265,0.16048368876302876,0.08987763485244081,0.08566614403475246,0.2122849233023216
175,CXxJkD62XtDrt3pRYNDspg,Johnny Rockets,Las Vegas,2.5,0.2460701022624826,0.07133374531601568,0.21604780940621404,0.11199571650700374,0.13939456902917924,0.2151580574791046
176,CZF9Nm8CFY2R9ZhfwYIARQ,Giuseppes Bar & Grille Las Vegas,Las Vegas,3.5,0.2542162888885832,0.10763909698287381,0.16658476611403125,0.13012666951271268,0.11551146840087557,0.22592171010092335
177,CfYVBU9ANdjp4L5J2HV0LQ,Paparazzi Grill,Las Vegas,4.5,0.3640514929765561,0.10642724180838448,0.2217579227624804,0.05130840745980862,0.13063357315339613,0.12582136183937423
178,ChQmxnYLSVIQkL8Ct8z55A,Oyster Bay Seafood,Las Vegas,3.0,0.2976009163860236,0.11107633665392252,0.1491858663296544,0.14692309792333438,0.08534605577012555,0.20986772693693956
179,Cly7wJhbXIDID_quND01_w,Flower Child,Las Vegas,4.5,0.2879382508064906,0.06848353873547239,0.19621109244459747,0.11880823609068838,0.08584188838003451,0.24271699354271653
180,Cni2l-VKG_pdospJ6xliXQ,Burger Bar,Las Vegas,4.0,0.27350712801282123,0.10956938105767924,0.17300322613498037,0.11057823711773562,0.12007418501533997,0.21326784266144383
181,CxE5OE_t29h_wqqK1BsoFA,Johnny Rockets,Las Vegas,2.5,0.234088036366616,0.12980460882377753,0.28046745248247557,0.11061776356358435,0.07001315686948735,0.17500898189405925
182,D9z7LXFn88Fp4nt4ovO1KA,New American Sandwich Co,Las Vegas,3.5,0.33671532800573245,0.09526740887625706,0.2059405425826385,0.0743951942912596,0.07930654370260508,0.2083749825415073
183,DC3Uyai-vCCUgMmMvLESlw,Home Plate Grill & Bar,Las Vegas,3.5,0.28330444801686944,0.06240475495257109,0.21100690438260658,0.13689755989356414,0.10541644104658393,0.2009698917078049
184,DPVKotGYF7bCbc88hNZTww,Timbers Bar & Grill,Las Vegas,3.5,0.33658594815399906,0.0,0.0833530200492072,0.0,0.03325585139948258,0.5468051803973112
185,DVJkxZkLKS76Khb2y6XA6A,ProteinHouse,Las Vegas,4.0,0.27549652310838646,0.11108857369422344,0.1701598829437118,0.1054436015957132,0.12457213202711247,0.21323928663085268
186,DXYhrg9EXuW8n5QMnCoHAg,Burke in the Box,Las Vegas,2.0,0.301370659658232,0.035998727875772005,0.20071696150943952,0.08709810705555888,0.05424784119327623,0.32056770270772134
187,DbEszO3wk1xVmN3pCPob2g,Jamms Restaurant,Las Vegas,4.5,0.2657623743738666,0.0986026528755207,0.18287201152056828,0.11189917852858093,0.11889171023931276,0.22197207246215067
188,DkttCY9pgiJfpPt7MrB2KA,Rendezvous Wine & Dine,Las Vegas,3.0,0.21960297204688553,0.18569513202041696,0.19024437664909757,0.15682230043606749,0.12595142755897867,0.12168379128855376
189,DnalbBqgX7afqSYgO5R8iQ,California Pizza Kitchen,Las Vegas,3.0,0.3032088457782081,0.1224805667546564,0.1471522108466475,0.11345122788028557,0.11818681321021947,0.19552033552998294
190,Doqz6-NiXEPhr28koWESKw,Grand Café,Las Vegas,2.0,0.2532983352929903,0.04937139994794189,0.26837127590859416,0.17180587999204575,0.10962596456989257,0.14752714428853536
191,E-3LCDxXg8ojxDe4c7VZ1g,T.G.I. Friday's,Las Vegas,3.0,0.23185434422611703,0.11410889113204509,0.1469476796332793,0.1906016807272911,0.12617501261343564,0.19031239166783182
192,E67gGK8yOn9kkNzx8FzQKA,Buffalo Wild Wings,Las Vegas,3.0,0.24197998930747183,0.1393595742101708,0.17533200585999845,0.10049511282638846,0.12570864018911243,0.21712467760685802
193,E7WzNqwMMifJkPZtuKOgRg,Eat Summerlin Proper,Las Vegas,4.0,0.2538455406954413,0.12720597402814096,0.17155094593062623,0.12004616669663798,0.10218093259122889,0.22517044005792441
194,E9Bq0UKtg3tB1yr2QXZ0Dg,Waffle Bar,Las Vegas,3.5,0.23581716872526343,0.12140897426852076,0.19030295971186392,0.13491074186513596,0.08290118530189187,0.234658970127324
195,EPKg3b0BK20-VKmzrP2W-A,Savona Bistro,Las Vegas,3.5,0.22186359427915106,0.08626900758247291,0.2164488475295156,0.13367386013464008,0.08545005762797012,0.2562946328462502
196,ET8WuErpImo0zxS673gLxw,Rachel's Kitchen,Las Vegas,4.0,0.21303319815572877,0.09343003640928546,0.15232339353156774,0.17249069602336836,0.15270833332565387,0.21601434255439564
197,EcsUxHW1keLUl5w-3ZEbAw,Dickey's Barbecue Pit,Las Vegas,3.5,0.2274953615468244,0.15346497385161395,0.18586845161113769,0.10582236175200539,0.12466955528374317,0.20267929595467524
198,EdIFp1tdPi1267hm3da6Nw,Ellis Island BBQ,Las Vegas,4.0,0.2475760944191079,0.11713795592518615,0.16595269818589975,0.13021672056078215,0.1074477754523514,0.2316687554566725
199,EqUlVPI8t9A96BIvWdW1pw,Joey's Tavern,Las Vegas,3.5,0.18842092581893968,0.1822220608932475,0.22530969325526834,0.09506933136723161,0.10528132321026502,0.20369666545504783
200,Er8DpPwf_lHHv64ncWhD8g,The Henry,Las Vegas,4.0,0.2634661214721362,0.09176908350351415,0.17628813736787227,0.11287734344818333,0.14000072145081896,0.21559859275747498
201,Erj_jPPdF3IupgNS1Yfm4w,Bentley's Bar and Grill,Las Vegas,3.0,0.31780374958805,0.07981362844461865,0.211129492658021,0.09862229270456731,0.057205600177339444,0.23542523642740357
202,FAiZp6pLY5l9JITMQPASbg,7th & Carson,Las Vegas,4.0,0.2542189216794773,0.110632574203854,0.17084437312828613,0.0945057927567633,0.13445368986476433,0.23534464836685481
203,FK7JHSUMdznZefUW6X319A,McCarran Marketplace,Las Vegas,5.0,0.10975790097909983,0.6987368277105964,0.04207709409515844,0.0,0.015608365304162918,0.13381981191098238
204,FMnH5WIRLyexBYMBUUnDxQ,Hearthstone Kitchen & Cellar,Las Vegas,4.0,0.2727075723026329,0.10458458655899225,0.17877920123560828,0.11854295712953085,0.12074370461109069,0.20464197816214483
205,FT99KLluYZA7vFZEIypIwQ,Fracos & Froccs,Las Vegas,3.5,0.2592434374223675,0.22183975627690294,0.09952214893856881,0.054513907041757674,0.1353299430101036,0.22955080731029934
206,FWBWBnM2zjycBI7QrayklA,Johnny Rockets,Las Vegas,2.5,0.24915577062844774,0.03245365302807563,0.09072331399730603,0.2465333452280005,0.044804567494305246,0.3363293496238649
207,FfG8twx5K18y268Gp4dSKA,Hooters,Las Vegas,2.5,0.2774355075657569,0.1356743487745156,0.14881695091162356,0.10766516864151966,0.1463408172435508,0.18406720686303338
208,FfHpj1QcW510pA3CS354xw,The Coffee Shop,Las Vegas,2.5,0.24686251994800595,0.12041898811483247,0.2030950246624464,0.1384422015414276,0.1119907447441355,0.17919052098915203
209,G54fcIaoI89tc6X285suRA,DD'Coffee Shop,Las Vegas,3.5,0.3039537883260996,0.14773407061644847,0.18378361414918867,0.09166181751707243,0.10617952257214758,0.16668718681904315
210,G55C2JCteYQGnpCP6gMswg,Moondoggies,Las Vegas,3.5,0.40354733178755753,0.0684107135500429,0.18185180936744097,0.10476277094239224,0.04102227409275938,0.20040510025980698
211,G58YATMKnn-M-RUDWg3lxw,THEcafe at THEhotel,Las Vegas,3.5,0.25454356416050716,0.0779123433169117,0.18810136214736203,0.1311807717954225,0.12835422597176344,0.21990773260803323
212,G6BwYw_0_atLPTzI1uokIA,Nacho Daddy,Las Vegas,3.5,0.24885394844684644,0.10078061958113337,0.19056989804835467,0.12447503085106125,0.12471767535940664,0.2106028277131976
213,G9OOkWH5rLHN3DKNPMv1lg,Cafe at Harrah's,Las Vegas,2.0,0.21504384735250773,0.03842887865524209,0.2871635004211919,0.2009148284089163,0.1336943283209859,0.12475461684115612
214,GMefGnN17POrLde1PPBzNg,Outside Inn,Las Vegas,3.0,0.2504890850944138,0.10303263475037829,0.19622373916251976,0.17320048748835304,0.036764377562343804,0.2402896759419913
215,GRWIABHedj1m8DDoAuTIMg,Centerfolds Cabaret LV,Las Vegas,3.5,0.22919207139211678,0.17846636559282844,0.18698543703449533,0.1013474158749692,0.11720013583326146,0.1868085742723288
216,GU0zNpgisY-pV3U2Sfdp6A,Boulevard Bar & Grille,Las Vegas,4.0,0.2537867991274663,0.10505089738468831,0.15689626710258925,0.10644038327805705,0.14920099612668083,0.228624656980518
217,GUaPe4gw5KhihfPPqhtSIA,TGI Fridays,Las Vegas,2.5,0.3205124838919964,0.10158548537944968,0.17263619339609565,0.11382243387217965,0.0748666512257314,0.2165767522345472
218,Gaq3S9lmjXVcuDCZ8ulppw,Oyshi Sushi,Las Vegas,3.5,0.2689619039473277,0.09841355422339124,0.17448460826371576,0.11789143333809497,0.11655935921911155,0.22368914100835915
219,GjbF1ZEbIpC2KqUbZ7KQWQ,Dynamite Grill,Las Vegas,3.0,0.24173885315242,0.11472189034546143,0.14673695770589648,0.17597108016602622,0.11041896499960063,0.2104122536305953
220,Gk_KLfwb0GMgKDrP8_0kqg,People's Republic,Las Vegas,3.5,0.19724755304702668,0.08211215110876068,0.23948453299401165,0.15623379140567745,0.0874232388516314,0.23749873259289214
221,Gt4z3AylNTsEPDkzkaC7HA,Stacks & Yolks,Las Vegas,3.5,0.27790054808747167,0.1063716358765916,0.1805730353233649,0.11087458499695813,0.1120179662464258,0.21226222946918735
222,GtHu9uGXpn7Jg_Z7vFKZKw,Meatball Spot,Las Vegas,3.5,0.3391753202655512,0.09848116104306492,0.1451710869398142,0.06540400219596201,0.168887021973533,0.18288140758207463
223,H-05-lRUJDUNDgYgaw7bXA,IHOP,Las Vegas,2.5,0.28092272649722316,0.09997858389272897,0.13759754336238667,0.15475974732263986,0.14070992270788651,0.1860314762171347
224,H5Y6o9H4rtxbHJFgLqI6Fw,Chili's,Las Vegas,3.0,0.25775253953017835,0.09780752310156798,0.17189396969412482,0.11928798627871832,0.13859594042032447,0.21466204097508595
225,H8qlBw1YaxMsItfz25-AyA,John Cutter,Las Vegas,3.0,0.2998926309853336,0.07705815176439078,0.18593110944481964,0.0767976184170649,0.1255920314166829,0.23472845797170802
226,H8umkLwMkM0vP5B8oPiozQ,Sundance Grill,Las Vegas,3.0,0.2622089282793961,0.10307793398233613,0.19946942377918442,0.1275243067527093,0.11319236836487993,0.1945270388414941
